5114
40028
38524
9253
28977
11061
820
9969
15417
35180
28851
34096
4181
918
15335
32281
35247
2904
37491
32935
39486
37510
31758
199
36838
1
33050
17074
33095
19
24701
263
34599
36862
23273
44
28891
40591
1575
40456
21939
164
37521
245
457
38329
11665
2921
5258
431
2001
34591
7311
37779
12355
33352
37987
22135
1535
28957
38000
42203
7785
31757
37991
10379
35760
28735
38474
32983
33049
11741
19647
36098
12365
44042
42897
40748
40776
21329
30276
35839
4565
5300
4282
44087
30654
40417
801
3297
35843
20583
170
32
21
6114
12431
37379
7472
38040
578
31933
30484
39587
205
44070
11577
36999
33
37208
32182
437
36885
34612
16498
10165
31181
36649
40059
24687
877
26055
37965
467
5028
33255
35851
25777
39547
392
21899
42984
5205
11981
31646
14397
5941
37999
38889
38450
2246
10162
9989
2251
22789
32366
37105
35557
136
36538
36275
38826
39741
777
572
40682
22535
9260
10030
5
17389
11979
39535
25781
13601
38883
10408
7655
40052
30709
40211
9756
37450
12029
5341
44235
12531
5081
31043
6594
5420
11917
10937
20651
39808
5040
2559
13125
25835
34240
10863
40730
43299
38691
3784
10087
6945
486
24415
37515
28805
28701
39533
137
9617
4081
34534
1210
338
30
1698
37095
33486
30230
30346
57
1365
32937
33674
329
45
2418
523
2685
37078
513
31240
6675
759
2402
19363
264
31988
139
185
43
40852
3002
39112
16894
18115
28171
5690
2966
1033
23847
37055
34798
11843
34036
42498
9735
627
1842
25537
1142
31812
23327
32188
9863
38481
3091
10271
558
36456
5460
22507
15227
512
3226
7674
10800
38731
18617
265
1889
16664
18195
11977
585
33051
36990
35466
4224
6
40784
34537
6864
372
22297
36371
6811
34636
12115
36296
138
35677
9890
30503
19123
38249
32843
19815
32282
440
962
32867
28223
38680
37989
28675
37171
1519
38088
37520
1453
38234
853
40080
13759
35838
2236
31715
11597
23623
12859
38003
6746
44248
40421
1604
47
32005
37822
39792
239
3701
35857
10153
40435
4477
4155
1827
4107
34822
1735
232
235
42497
813
121
40815
25681
39198
6336
6547
3901
35608
6467
3371
18
7791
30831
11771
1430
15323
721
40542
28025
1364
3702
12189
38993
1566
37514
32902
2581
37962
731
8129
22145
35788
4722
4938
34076
2150
23283
24833
2025
18689
3016
186
16662
16918
32122
35111
12069
135
20899
23317
3927
21557
9130
1559
24277
29831
1367
38668
36946
27833
27821
8425
18679
2449
31051
30370
31964
2164
21419
36370
25313
2951
1974
35110
17739
33323
237
35062
302
39592
5681
40615
40907
35848
39551
5365
4918
33161
1382
39565
3167
3665
39570
15059
16706
16067
39783
1506
42496
2759
72
10643
3783
31658
851
14513
1914
36949
37430
1943
1257
21469
16049
6211
14813
27663
40935
38408
1471
2167
16
153
7054
34626
2034
25013
37870
889
4901
1482
7465
38422
34440
781
1363
4789
589
38081
14719
14713
12031
1486
16782
40397
4921
12477
535
7720
37932
30015
846
339
1023
25879
39195
9963
227
6421
268
39468
14807
81
2563
23199
40716
6045
33206
2448
5029
31251
9204
31149
1065
20507
31174
5682
4053
861
4772
27831
2004
9656
4672
31173
27989
1530
16001
17265
10049
8740
35790
37936
32615
34376
401
6171
21647
18179
14075
4059
223
387
21855
967
9996
77
66
34100
645
18661
11739
5678
416
10721
15689
42923
2154
11113
40911
33926
4106
34437
36369
38337
2076
7222
1089
7338
2952
73
122
33970
36963
28725
6774
28297
29803
11123
35968
793
17549
31490
2159
37675
20371
8063
16395
995
41389
28
30279
15039
37435
2924
15
38084
23289
30364
9289
934
24997
29893
6438
31339
3014
3907
29755
11239
13331
427
10080
7711
1088
27775
957
24
2752
9941
658
31098
41611
35382
114
11813
12815
2618
6505
1470
34438
14353
26213
2829
1594
27947
31973
40215
12113
996
10534
790
7062
3572
33221
85
25161
2158
37786
32995
3228
20
30885
36215
9513
38409
22961
29093
18429
31741
36563
780
8408
40046
4280
1096
33489
4985
82
6007
2605
26123
32093
22
6582
6377
949
543
10012
2890
14175
187
24921
21877
35075
24471
429
34451
30745
25517
23755
4163
3588
20057
17909
23225
40858
400
34504
849
42640
10521
6586
779
30415
38080
16916
569
1485
9465
12893
37150
2035
2623
29095
267
2762
32380
1695
34745
38201
33190
20815
12445
38349
35507
12403
21185
532
6351
10029
4872
249
4814
34021
1729
4087
32998
9724
34944
35120
35222
3604
37029
5781
12413
253
5680
9734
3782
14349
22097
36796
15771
30952
8038
32547
322
9088
397
18397
1172
1921
388
38990
8142
1366
7304
2321
36028
9563
5630
254
6862
23293
1472
2761
1505
4447
38770
37033
29787
15809
468
11887
33263
97
4472
5310
3750
34577
2143
7588
39575
202
890
10083
5005
12017
34375
9252
6768
35798
1491
4080
2273
269
35320
1571
1824
40262
20431
13767
19111
8310
795
30727
29830
17949
22319
11001
7044
597
28881
10119
7724
30902
37985
30123
31478
552
33280
19319
7645
11237
2828
451
570
6115
1425
40082
875
93
37873
1818
8609
17895
33899
39534
10357
1379
35363
19703
19489
13203
80
19613
35073
9926
154
8311
21867
23249
1254
36702
24893
42250
28999
1473
2397
40956
31637
27633
2508
13119
35678
35860
18153
1092
8516
10218
14741
38145
317
40372
25649
3545
10090
1887
91
34914
20767
20159
210
1253
39940
534
29829
407
26
32673
479
2753
1562
33350
1007
6591
517
2104
23777
36106
16870
1375
9074
6024
32370
5835
35082
4898
1910
7193
1520
8514
35198
28907
38333
25303
6984
4886
20517
21339
37442
37804
5074
31764
31289
31772
31704
8795
1719
20847
9930
2582
41433
32863
12117
6033
22043
4192
8426
8525
21659
22673
32871
35658
25015
1462
37924
36214
13535
31733
21405
1689
2450
2724
985
35806
36593
15117
34544
474
1211
38958
90
15959
396
33502
6213
38917
5530
35240
582
28069
2451
1000
31483
28249
10092
2994
28479
32551
30191
18619
28669
33446
1888
38619
40269
2175
4454
709
283
1961
531
3841
14735
2471
33032
31433
19115
644
106
4811
42076
34542
3603
16904
32491
516
10460
251
39196
9510
1376
464
30240
398
5485
12883
95
18245
6956
6154
290
19775
1279
182
885
33064
1293
31783
37773
36904
477
740
36896
43683
966
39681
22777
120
30311
2963
14511
33337
530
997
4177
978
34430
38436
38671
32979
1015
1281
37959
31859
11135
324
32268
15487
39071
444
87
323
2313
12021
18119
42091
2547
2499
36160
13667
2594
208
1011
21843
22101
5751
1002
856
33253
39959
21995
6772
34439
345
6702
22265
13117
47402
6904
31227
23385
1412
37956
39619
150
1690
24913
33071
33354
34855
240
1813
18055
488
160
450
22125
18849
40111
16239
34428
21473
539
540
9000
34902
7592
40936
35777
1699
65
23775
6444
38435
34445
14941
42344
60
233
7305
71
36094
10350
3931
3713
255
3092
40221
24439
2454
32870
33443
32977
11737
40854
371
951
19671
32948
123
74
37141
228
2593
32869
1915
18897
28927
37407
40392
31765
25729
2557
28677
34284
36038
528
31592
1008
21755
30549
10278
10717
110
2229
28121
4725
24765
6637
37306
1606
6172
6050
10389
9201
9471
4596
33988
874
39014
6927
10935
27991
33191
23321
12917
2985
39651
584
32729
34161
39355
5507
35503
9790
39597
6046
31711
1830
31953
21667
24543
38414
36513
9745
9751
8937
42266
38250
9062
2213
8247
7471
7303
37176
28539
132
9065
617
145
40879
37027
1418
331
1483
38101
3090
24151
7647
6347
8086
31931
40861
38816
6372
33209
13403
6624
3466
7270
24135
35067
8675
32836
2787
441
25801
17437
10715
969
22583
11531
29854
36910
18753
7762
30413
9441
10495
8190
353
462
2112
14407
3515
32542
13851
36125
32681
9919
1946
38002
37869
1239
34349
32915
3785
36704
37007
5231
38790
5494
40504
7627
3001
30347
880
67
2214
10259
5177
9785
25341
35191
129
23251
2026
9288
9760
17
8532
35079
41195
19669
34973
5162
32792
340
3673
1557
2498
38850
18139
36653
1650
2558
24405
38491
16241
35789
10161
10500
708
44059
34561
36474
37370
31380
304
20031
4182
2961
986
36480
37958
430
7661
1301
41694
2405
2174
821
40010
21327
33089
9396
18671
39164
31552
226
41120
13629
35006
2002
8479
914
452
1289
10790
433
40571
96
15315
33091
46
15989
6634
11371
2562
6802
3470
41132
10033
10716
35672
39989
209
6773
34547
1861
8197
8407
36470
15731
10573
14227
177
21435
905
455
31706
6152
14131
17729
40942
1356
2012
1567
1095
1087
250
35241
12487
194
42889
13709
11111
1240
5348
35972
1251
4039
37109
3165
39114
36823
449
37497
40908
38594
6793
36494
522
10620
36286
37426
38659
37682
10216
34374
33338
1034
39491
5493
23277
13245
39569
1372
567
1985
37341
16005
1003
2198
857
32828
31821
15197
34103
11359
31376
10497
15195
17273
15451
37972
10471
40787
10568
5204
22817
34984
30868
22199
22147
1488
37996
4835
2800
4981
38410
40416
35823
8331
2514
21743
35424
8687
30778
9982
33845
587
23269
37704
3731
36220
428
31418
2848
218
33034
19191
13655
1563
35984
20785
30913
2549
10588
17249
30296
34480
3369
16011
11319
37976
37954
7651
1212
3848
5419
15775
355
10378
14189
39469
18499
29
12291
32717
39065
16934
1478
32108
7902
21273
10793
31989
37614
36545
37621
2227
5713
34414
16273
42238
1050
28755
33378
26023
270
379
12725
14467
36754
13587
10469
16524
5306
13663
28979
39495
33758
18497
38555
26243
1608
3420
13267
14289
5118
5712
814
11743
23701
10714
2202
10067
5251
11433
38753
14669
9645
41219
1395
33731
35321
12679
9366
3449
22763
36522
334
7877
102
31580
12187
31553
13349
33028
42423
34513
40056
25687
2673
40454
13115
37501
6553
1579
15437
27411
33519
36565
8100
593
1029
1047
37441
40569
5671
166
1913
2424
200
3613
691
1840
6187
8476
34262
9979
18523
36962
8995
5538
10731
11889
9047
24365
33302
481
39555
27601
2768
6573
2171
364
852
2409
38710
16528
41061
31665
5291
1773
40841
38533
24781
33082
3392
37475
17187
33520
9136
23441
32900
35015
38740
2665
38027
18465
37349
36824
11013
36903
19195
2971
435
4188
3626
32668
11933
34514
32485
15793
30736
2596
8557
879
1577
11553
1459
1924
24627
40734
10589
31
34136
37890
490
8317
21737
38793
3974
2608
33094
28771
4416
586
1686
2889
40060
38699
1681
35821
6231
31389
1747
32071
551
1852
24703
38472
142
9834
17947
98
15813
12053
14527
22729
11235
24919
1069
1477
4037
9839
2392
37348
287
15613
11663
32215
3652
2037
37305
5290
2458
32953
39113
15051
2743
19511
14123
23301
64
3674
38938
8726
1642
696
12015
1911
32026
23135
38528
792
30187
21573
7041
2098
5262
1006
4654
156
34792
28405
33506
59
1474
1479
36561
9938
31798
8841
20541
35078
1241
2548
36934
37516
35756
32696
6291
242
134
39049
15591
389
10209
76
38357
37175
35828
14575
10020
42391
23281
327
165
34549
16123
2923
5233
7858
25
1728
40540
1651
181
39380
35626
798
8246
36043
34277
24227
34134
9124
10178
130
131
34494
167
38787
2216
27957
33013
2014
33157
20977
39024
30790
8457
3972
36951
6408
22819
1327
38824
25731
1368
30694
14837
6922
4189
35889
6895
10765
5228
15439
18893
1614
8888
22839
35086
12049
1393
25183
23311
4060
6399
35333
33654
4312
10999
1021
34933
489
32574
207
10075
8857
1060
40314
560
40853
1072
24459
11793
39875
10798
2203
42629
28149
27787
3965
5252
40331
38483
37975
37596
23421
13429
24037
5355
1815
2942
1190
10713
28285
1919
183
45556
3712
103
14967
32365
13837
10703
23703
1663
32648
11617
5998
2330
2204
1454
22693
32526
3268
32233
20221
16762
1091
3199
15061
12149
33818
5244
68
34572
14345
17269
1476
37597
29067
17121
5096
18507
1394
39586
5060
33241
39730
34420
39988
8217
33248
9023
3358
34318
1238
2680
10445
13391
1010
20709
2903
10464
39477
17080
8098
23319
2013
16417
3352
5332
113
37164
18177
25519
15911
763
770
17875
41164
168
6572
1170
23725
1146
30458
35645
37937
39912
41528
35673
970
25755
1589
10479
26349
2553
1825
36884
13469
35413
40839
19193
42290
17643
1419
1424
10624
3468
1972
41168
40513
1292
4970
8676
2969
3076
34618
40004
15927
7972
2813
4138
1475
23383
24655
17641
501
36064
13335
344
15863
40323
14753
1878
38959
39806
6896
1873
1117
10257
238
5984
34102
11499
5909
38759
4715
959
31327
2555
1764
5958
5141
815
10294
2129
37993
975
6325
1203
10928
2107
39921
38992
13599
28497
18041
573
5277
15751
2978
7662
1081
198
565
19021
34086
30344
8115
878
9611
50
37403
3549
33513
1536
4186
32189
10531
15925
39026
1391
484
21075
35376
10804
34012
39452
666
10298
16009
483
16353
2954
520
3225
2929
17505
2986
8756
1078
34299
5593
901
906
17535
908
14811
506
5521
31997
31326
33490
9213
191
1439
519
40496
158
9181
352
30016
351
527
710
12067
35338
40902
868
2257
37986
2126
4038
764
601
1655
31414
11179
161
14267
3292
40005
10884
29786
1171
867
869
33362
2337
944
33035
8481
656
32827
7870
1521
11633
35262
2817
15199
3744
35849
2512
6783
356
408
3213
18229
476
21681
1030
8768
822
42106
1004
31678
1426
3469
49
92
31485
37266
40532
33929
35459
38186
42519
10638
5065
38360
36317
4061
5150
2336
9032
37086
10805
3958
2408
5710
845
10536
2927
10918
633
33106
21105
6116
3342
6712
443
30714
36652
4015
15963
20671
5034
960
5854
32105
6381
13333
541
3859
27
807
1195
272
33983
31918
1526
9793
38005
4884
30911
10232
5832
5667
14951
38467
40646
5075
34863
11759
101
11701
11266
6948
1222
24469
8369
36491
117
9135
27969
20903
37303
39675
10050
33183
14833
10110
1064
36936
6288
2269
41619
3791
30870
282
34611
6676
9120
1278
2116
2756
15109
2656
33672
39178
1250
20509
5684
653
32740
31324
20689
6574
31500
18295
6604
32949
40497
99
2488
32566
39705
2744
41590
9888
32175
536
75
5226
855
33417
5947
6380
1303
32174
3089
1744
38999
20359
40733
2472
4437
13585
35654
32051
1237
28299
108
19369
12753
4618
25647
1231
1302
3861
2585
30321
10629
36539
40909
41923
39819
1347
485
38656
6401
664
21039
1441
27631
5578
27829
36686
12729
1288
17259
4483
36616
84
1090
3655
36923
38815
30869
2225
22433
20479
21395
16592
2398
7045
1392
1858
411
15699
38733
28607
30300
20853
35327
1410
16774
35639
844
10870
1432
39487
34541
335
738
37618
330
2294
34391
35949
5597
6030
465
1094
38313
2835
15651
19291
34300
17137
28495
4028
152
3256
16868
8022
35249
42632
5764
31245
3887
34238
326
40351
35330
21031
2182
2193
24029
33969
15307
38578
28621
42668
33558
33004
4663
3009
2820
31297
2683
33581
19251
30901
38217
7
42284
2125
40272
39093
31771
2922
10396
1373
10719
1674
15201
1678
2597
2393
381
505
24625
650
4551
34281
714
2228
940
6980
1808
2544
2407
3245
3577
28013
10628
1609
1722
306
713
9117
37716
1450
5356
15687
8915
2515
9786
1684
21635
4639
246
386
13357
39538
4550
953
1691
52
16732
28623
37023
1590
2253
8460
40245
16444
19221
10711
2847
5753
418
34126
16694
399
22273
10483
9893
1147
7058
935
11033
12467
13093
4664
13055
44407
341
9241
11757
40735
12711
3051
32806
30206
9488
1369
2676
31201
34279
31158
6064
30991
39419
31780
31952
29325
1374
2286
41109
963
37031
38098
1168
5525
32015
9925
3006
5675
13931
10163
1723
2383
1313
2649
4726
37347
2030
32930
27525
12875
15225
9865
16700
13271
15735
147
35159
35145
837
39574
190
39511
2020
4581
6758
10862
42941
2009
30740
712
3467
463
20939
107
37578
1191
1255
2361
9355
8934
4382
15077
173
2113
36775
38741
42481
17901
12669
104
10834
3627
19163
24429
974
1126
37140
6795
19951
31499
15617
3010
11313
29583
4375
4903
1013
33074
11777
1437
5084
2460
24475
5273
35946
36848
19759
31754
11697
1778
15583
6880
36466
31163
1524
915
14645
256
20457
274
15379
6707
2518
94
13409
19653
2152
350
28683
7769
10334
1259
33726
31280
1965
390
3000
11341
1144
2500
3593
3322
4703
7745
39165
8423
21073
2111
1381
2254
3956
14835
3088
34604
4752
201
30419
40991
550
23447
34443
15711
1983
35815
3087
24031
6198
35425
2654
1299
655
3508
1906
34125
24231
14765
28387
28869
6954
3272
27825
192
333
6299
1196
12637
20877
2825
9544
10681
61
2513
37863
2672
18393
40206
27945
5041
38476
1358
10189
1206
2808
37364
10152
3485
34712
32245
6163
40246
5351
30771
2926
6023
16468
2141
12673
9981
1565
36732
1080
100
866
19211
3594
180
41094
883
6512
4114
36927
10448
32951
21561
23987
39257
6581
36803
1531
30649
1548
5504
34152
22689
19117
2816
31178
39790
6149
6460
32494
34962
332
19645
2660
3230
376
3568
15811
39576
2400
11077
2899
31670
1145
3247
4879
9332
30205
2043
1352
9379
424
2670
12231
652
2484
19159
18411
40656
37884
42387
40491
665
1086
3229
41202
31610
276
21863
3345
32698
1941
2385
1120
1538
22865
2486
529
43349
35847
22859
1731
1133
34915
38480
415
178
37886
460
195
31378
15905
6713
3624
1823
1362
13073
36186
35000
3036
3125
2577
35220
30829
40128
20787
18441
526
369
21437
41468
21797
5216
12879
2648
5760
38895
654
36144
35982
23279
18835
9958
958
5929
28825
13261
16668
5079
15359
1422
1416
24455
277
1164
1017
8917
40602
394
16201
6164
15611
30711
8362
4690
2748
10444
34662
380
33025
1490
3231
3298
40230
26441
469
1335
4246
2542
206
1967
4062
10686
33606
8171
2386
613
23673
31756
10825
1847
37396
2583
30547
25157
842
21189
976
482
4134
1846
6153
19285
33033
9055
23587
1860
31370
28841
8894
39610
35834
762
24973
9348
39638
23359
2036
2354
1132
2675
6930
2222
893
12419
3335
18713
9931
23153
7337
990
2602
8134
279
690
1215
1969
2948
41491
11375
13939
53
34465
1736
1498
3203
37338
2655
6988
35740
43555
5670
37490
8074
25159
1116
37981
16035
5717
40974
33605
189
17247
2044
39972
23227
14817
12979
16143
785
15649
2108
22359
40814
3221
2117
38891
34649
37492
1101
6548
6169
6999
3044
16866
17699
44191
1932
36305
3111
34978
39150
31645
6560
8133
3363
1124
4063
1108
34642
35267
33491
5702
18277
31486
4705
9874
38921
2427
32924
44221
3692
1543
6951
1246
3269
39184
36800
38963
10447
1205
2589
32086
36633
2661
4798
6151
1534
1845
2987
9723
4549
37307
2335
3223
1556
32376
34104
634
35960
8068
1397
631
2734
38198
11339
34350
40295
1576
7059
1312
902
5983
34787
3270
37304
606
2048
2901
3421
34784
6016
604
2834
2736
1732
37902
16442
37440
42364
2543
31564
678
4896
41409
5200
2947
32013
33949
151
32094
11441
1835
478
2452
566
5458
22419
2333
2920
24727
42603
23237
8359
2962
2123
4200
2666
2677
41053
37292
3327
1140
1371
3027
40661
2745
144
3222
4195
38936
32153
4926
8424
1738
11021
31722
36625
10647
54
37451
568
5032
5163
2907
4586
3727
11053
40044
25389
6361
14829
3219
38383
3670
911
34389
34607
10397
4056
17717
30014
442
1619
459
8769
35752
12221
16051
609
33713
1066
33036
21851
2747
20035
37579
35044
3738
5397
961
13171
32899
42187
39617
34176
2151
2489
1564
1118
1601
3067
6203
79
6098
36173
8909
6567
10321
7861
3614
38220
1901
31588
14027
9200
11783
2664
38653
992
30290
8120
1016
729
37447
3121
35566
12175
10456
10336
42985
1413
1429
872
31884
32030
1110
3305
37204
5196
9907
2950
40906
32801
393
38489
1931
6959
31737
395
3218
23619
2264
9159
21563
5978
33511
6379
33299
7066
30307
40483
24171
32553
16434
34540
917
2109
20973
5279
33031
2170
4162
7654
1920
732
33589
36553
1264
36950
26165
37983
32829
1329
9999
1944
1493
9959
6974
5220
44196
938
3138
876
37449
31680
760
41353
12695
1555
27899
34019
2331
1652
493
1554
9346
2937
4071
33730
831
2199
36289
1796
13183
2624
27567
1886
30988
5267
10504
31368
11785
43568
4156
432
37302
20649
1516
34106
1417
1414
252
629
7261
1588
11761
1138
21603
22071
3437
2931
38292
8475
34870
12079
33728
33729
17917
3033
2658
2517
1179
3299
6463
2132
31405
3638
2077
40966
16890
8666
3462
2298
1968
40529
6884
14749
1569
1709
39292
5691
2369
2110
2000
29317
28215
4021
17391
12823
31374
1602
33286
36475
620
448
3455
19697
21085
553
36726
37126
2570
2490
13659
40313
23043
929
5199
29163
40485
2011
12709
39324
19383
30641
37184
3354
28789
2810
286
35965
31417
3446
31853
58
2561
32313
6747
2671
2659
898
32887
26057
384
36783
5658
23539
247
16982
3946
16033
15819
17819
5019
6262
1951
5030
7761
40900
8234
1051
22677
1079
12293
9539
18745
2124
12651
2803
1683
2667
2668
1046
30825
6867
14653
2799
10372
33218
38804
36548
31815
39531
1261
521
4662
912
524
4191
758
34085
27441
14617
22687
6941
3137
21439
41226
16742
548
35880
6219
1199
37826
23285
11019
11835
11751
32038
37569
35540
8986
6312
35932
367
284
659
998
9340
30383
37103
42783
1826
13839
2355
1803
1045
2416
40192
1592
41006
41176
15785
41051
3616
1336
1184
4851
7616
1688
311
31298
41266
34644
8363
38530
30907
383
30925
2815
39463
243
1774
2130
3110
32686
2176
39080
1135
1696
2279
1209
12119
34325
907
10822
2283
8057
10775
2604
3332
12321
44218
7144
3457
754
1546
12001
6178
31919
20047
5307
40109
36148
20449
39710
36798
41319
230
29513
7152
33254
40930
23361
14751
1014
2913
33203
18343
4765
23083
24261
1025
4082
40062
34338
2818
971
6280
596
8364
291
7081
29437
2657
2674
2652
3312
5197
15159
603
13561
8206
6610
40530
38777
3418
20039
4198
9013
1434
1436
33003
1869
14293
10807
24211
31138
325
3186
6344
32034
342
3667
42893
2429
33478
42898
40587
1492
28617
33420
10821
10923
7014
34009
687
343
37916
19023
43590
16157
36789
358
598
34825
1384
21853
4997
1659
48
32323
27655
4094
834
8
1311
933
10418
930
1726
3032
12623
13163
35868
37814
1573
1864
1631
1435
8097
9712
3656
3059
15719
461
34346
10302
1122
3424
941
12281
15807
4214
29027
32881
2300
1922
39191
4415
1891
10659
34658
525
29936
3493
508
37722
1128
1514
1225
10737
31080
36308
33080
31105
1953
31978
2634
116
4476
33335
31234
20673
45574
42176
10507
40833
37210
6554
4205
35776
25143
2797
36967
3654
1399
10690
157
40134
1137
16910
9776
3043
3079
33573
6901
24169
10155
16385
31056
9314
36343
10842
127
28211
2998
1316
2389
5968
3447
37984
3483
37221
1357
1104
2586
9733
5955
2470
3737
3691
1843
1152
2805
607
11487
1236
3174
36537
6749
33037
689
5298
9331
37185
6489
1249
2554
5342
2706
3460
33475
41181
859
36344
3734
507
7728
2891
10934
19619
40969
3318
3653
39017
4078
1438
7308
3266
1798
7817
579
3407
3745
2206
1829
456
42392
13411
33204
1180
21653
36906
2569
17741
20505
8876
10893
34209
6946
621
32962
3136
35484
162
4650
36688
3419
7768
8348
28835
10249
1539
2746
29089
308
9798
11569
33019
1710
31229
789
10014
8250
3574
174
45598
39606
2716
30845
37206
1762
36873
41224
36920
17677
8360
1151
2662
38062
1929
16726
2165
4983
475
24347
34290
5042
17635
5039
1421
1400
632
673
2459
37760
3359
1797
1028
1668
750
4646
5031
17827
2669
993
1022
5155
21431
29101
37259
20045
1457
5967
30896
2751
1040
229
6324
40828
38026
33372
38431
27539
1119
4026
592
39991
10819
11227
40630
419
38050
30375
1584
39995
31909
40979
30813
4651
2084
11009
31559
41099
1489
1942
35905
10592
1258
32151
33994
39478
169
28625
40763
1568
10351
10276
1587
3754
26453
3868
32230
24591
2006
7669
873
303
405
12255
1049
17113
2595
6202
34552
36792
9347
34280
24457
811
20945
10794
29785
38161
9675
20423
23425
10191
4786
1504
4202
3313
9693
1186
37623
1844
29589
2651
9367
126
22189
33658
1020
981
9154
1707
37178
2157
10122
41884
41511
3837
2573
5343
38971
40778
32160
19365
22663
7375
30363
36536
1857
9673
15673
21409
1720
3672
39942
3072
1111
30355
18677
3486
31838
2144
39539
1792
39591
1954
30919
40486
24133
20969
12727
38052
11837
2404
1248
34881
27727
2118
3432
6217
27653
16512
5152
2819
36342
25719
30544
13161
3710
37517
642
6909
968
5914
18045
28423
3162
2200
3752
34777
35285
39078
9547
1214
8728
8358
8394
3561
2678
25383
900
5072
7559
12225
4876
32700
8630
37719
7088
641
22057
6566
21511
1637
3349
1578
10948
32543
20141
18391
31442
34533
936
7695
1553
561
6973
8800
38918
884
2758
28105
36439
4166
21781
5830
5992
1207
2248
47614
32634
196
1525
37202
13377
12137
35994
23201
538
32555
2415
5996
8023
39470
1129
1024
244
38916
4535
36855
5071
36049
34008
37997
3031
892
870
25011
32607
5217
1465
2997
40806
636
24909
41312
11299
11079
2215
39388
10720
6794
37926
7113
314
492
37879
751
40465
2274
2630
37496
10115
124
11161
2772
42822
41930
143
11355
38301
20745
149
3019
39689
32468
37402
36683
36497
2363
212
2713
1166
36692
8767
27509
27887
3505
3615
800
9988
37087
423
36817
3248
1648
1925
37294
37393
3501
42950
13677
33371
11285
5116
2122
37595
31145
514
292
1817
39274
118
28221
2717
35228
2230
35840
2694
21671
22013
38426
43522
40291
23945
1916
39948
3620
3456
1841
32212
41911
261
4334
1230
5045
580
8078
20889
36790
1431
1415
1398
25375
4086
34034
10549
10824
10572
2993
19469
20843
6112
1727
3086
1603
39944
15933
6165
595
37864
41916
4548
15489
30514
41345
40100
10108
1638
6902
1256
34252
1208
35589
4066
2087
41785
1549
313
40344
33041
2684
13145
2692
812
111
41167
2722
502
899
115
39429
262
1448
40359
10098
1804
670
38720
40578
15783
1174
36864
280
2579
3829
10431
42129
8440
4151
34244
3053
8277
2938
40842
30376
2757
1654
30915
34032
727
2403
20909
1018
33487
2017
1469
7367
31404
4936
18095
29129
5440
34302
21325
12223
33524
22877
3751
32409
2263
21195
2725
33023
14355
28257
882
20545
42206
5520
25099
37781
2201
28431
5526
16678
37921
1260
32032
1837
391
36827
9063
22117
1892
34471
40148
40266
37525
109
38020
35182
32866
35314
6479
2121
30903
1890
10116
903
38085
18001
6734
10604
35102
33305
1032
796
39767
34820
1935
10370
25045
2235
33724
285
11241
36833
10348
32415
3012
29853
1859
30533
266
39676
649
509
1956
24821
24629
193
6209
36982
33181
40746
3765
11841
14627
13727
7016
23233
30365
1517
41341
27419
22759
8422
1112
9127
39652
9716
30806
4075
2578
20473
2715
3317
40298
6709
2832
15411
39735
2205
37963
23991
1219
11703
35928
2166
984
37860
38527
13287
6726
3227
38536
29927
33240
10947
6293
554
38256
17725
2223
39382
8410
9630
32461
83
33075
36793
35720
5755
9618
4999
2705
6246
694
21729
38390
1795
17357
2259
891
12035
34321
19109
1930
128
11809
5688
3854
1760
23115
40610
31096
33421
10079
4196
7580
21235
38235
34178
30651
18495
18053
5834
7135
630
3484
2016
38778
15431
31980
6201
36492
5203
36531
35774
19841
21881
10502
38540
5734
41762
10622
43690
2491
544
10532
37970
4773
21639
33997
1074
1243
23209
12783
9005
36432
23405
1923
965
300
2682
6032
40677
37498
62
37982
6418
5802
3579
36587
35567
21407
2999
1721
3807
2390
6958
1501
7904
219
1768
36473
36077
6182
10213
40897
4807
7857
40460
3631
19877
33950
14117
11457
1675
2172
8368
41074
19889
1082
33948
3811
5043
15377
40803
33740
3547
4262
146
15609
21415
3991
17743
40369
89
3618
594
38924
4051
942
39609
32625
6890
1121
25859
30464
41520
33433
8017
30381
8908
4804
2097
2728
23931
21845
3196
23487
32534
1897
37207
7322
24991
466
7474
2611
23849
34304
21027
33173
42703
17409
40489
6162
18121
19919
1127
36871
31521
36777
278
1550
40967
10897
12505
38629
3116
33045
37858
3367
2916
3760
2178
4935
9041
38972
1192
37458
1420
273
860
6741
13201
33546
17855
4657
404
2119
37476
40315
15633
37910
38940
41206
4124
2784
39417
37990
42078
2217
1902
12461
8465
24451
704
35135
518
25939
4232
32437
4136
5940
23459
40659
37209
12191
2584
422
5505
1290
17341
34742
6031
2826
11911
7845
10297
2029
2965
3954
33308
26395
5037
31430
1703
1218
10074
711
3761
26449
13029
288
293
8624
2520
896
296
40064
1599
377
1800
12565
19067
318
21541
15895
33018
5859
34535
25897
1423
1502
3836
26351
2928
27939
2221
1893
36250
32664
2964
37828
2090
15879
16355
33456
18851
8536
1996
19261
25907
2494
297
16928
8228
5891
37894
37895
2707
37964
3425
2231
30379
5395
616
36318
10933
35369
40151
42949
623
7396
33668
35522
1043
2493
1540
34474
1481
688
41210
447
38490
19855
39163
9883
41052
1882
2620
1532
30567
605
36654
39188
31427
34647
886
28391
36483
23369
495
2212
27737
34901
1123
31147
38742
24823
36232
6882
2749
1645
1898
17919
38276
757
32133
35206
7593
10950
37272
33197
13247
6199
7590
8599
28817
24371
9624
8950
2546
9875
1593
2131
2120
32483
2055
14893
9330
12471
5136
36685
271
4353
31629
35983
3326
2556
2598
4485
39769
21701
3281
7333
557
27857
8062
33788
3438
37487
17585
34283
14685
9922
44086
33569
11483
30088
4514
7774
4810
14629
40594
2625
2492
2970
21177
1597
6275
4793
36995
13173
38009
11491
32262
31716
1103
39480
1541
3071
1533
17082
30953
8092
373
723
1068
32240
9353
17419
894
34776
13281
771
32511
29868
10470
797
25689
17497
5296
618
32287
865
38799
36791
2038
1805
2695
34580
1487
1749
41180
1669
34055
7366
4286
8361
234
563
10017
5973
4362
22513
7619
39030
39605
34204
248
12585
33129
4050
626
9335
5962
1917
1109
32446
10936
20871
4054
11083
10197
4742
17115
19099
12863
4031
14515
2511
533
2463
420
4532
32228
3008
3686
1377
179
20613
34812
2032
36290
12591
39753
2783
18099
25117
11635
25285
3098
1544
33811
7329
14853
1277
2884
40914
1177
2576
3271
2802
41105
8632
1317
13263
8503
487
36816
34834
2050
16964
33733
635
667
6509
15005
32031
21835
1509
5091
222
30924
5249
88
11615
31763
1957
2289
7805
2786
31196
32802
28833
4201
956
17092
6055
37859
8187
37611
782
4240
260
1181
1204
1660
2487
1445
3948
36502
86
9040
2615
20743
1247
17933
30412
12857
421
39239
10702
31861
924
8230
29087
3077
347
40394
33102
921
28819
19845
33238
40152
10823
919
33142
27709
5014
6330
40957
3809
2161
34177
4208
473
1001
11787
13679
2580
10513
41660
29223
6166
10582
8648
10578
35883
31456
1194
8366
1629
33069
1802
2814
2646
895
2795
385
3646
1169
7579
40076
2905
11255
12963
41659
38939
3546
5305
5953
32324
1161
6736
2603
19429
37589
38302
9119
2255
1149
8367
36566
12549
1755
12343
236
5945
378
35814
1466
259
646
31068
5036
9362
18097
6008
47398
12279
7148
30652
36902
41556
3388
2457
11209
4052
41917
9581
17655
37764
13833
9934
39583
32603
38693
33185
9568
4332
3847
1182
1480
2811
7536
926
3668
7330
3964
6129
5484
30437
41174
6748
34866
42161
10114
1300
24075
10740
9917
31231
6779
25857
3024
26019
10156
30292
2497
19391
2612
31440
175
928
37920
1952
2041
2316
1750
30056
20543
25437
2703
30818
31636
6527
11307
16199
12481
34412
26111
9515
8208
2704
35347
34964
14059
3085
6587
37587
36291
31537
2933
38022
37679
36039
33046
36661
7435
9837
2973
30039
33392
1581
3602
3288
403
7254
2793
637
33840
590
496
148
13731
4320
2039
3182
4411
5023
615
1035
23871
34754
31373
34839
1881
7082
39456
35585
1822
33208
20267
21065
21451
33850
40881
28619
30749
6245
1005
12699
15125
35370
29697
743
38556
3069
6964
299
6670
5104
1497
3193
4508
63
22695
10172
32561
4190
28351
26183
3394
32202
23133
4406
4468
2467
2387
27911
23627
937
12745
1136
35315
8365
40233
33314
40761
38664
2042
35757
24695
32011
2224
39831
38325
37887
19255
5333
37047
9750
913
39326
2106
13367
37139
4073
37599
3436
2614
776
5865
41769
23605
34148
31848
2501
5256
29935
13517
1232
21497
39967
1618
2619
2420
20021
35204
472
43483
2399
1198
17573
37293
1265
43001
840
2912
22661
37778
8705
3265
25867
2510
10308
6068
3005
679
8635
21879
42832
40034
2299
446
1718
29017
3295
1894
298
33419
2688
9736
357
11103
34077
289
12499
2696
6855
1756
4712
16419
897
504
17679
34481
6653
23137
1761
6069
15729
1848
33797
37045
3464
10016
671
16906
15347
9774
28723
2334
2709
1670
14913
4503
8123
15037
34835
1752
973
35650
1409
8507
17831
863
3923
6791
38852
17731
1067
10732
34620
9754
36083
1070
4306
3641
1748
4069
6633
8456
14921
1165
13619
41223
916
35602
1958
155
497
32338
37324
12455
35473
38089
40200
1350
3366
36259
6609
564
6885
37123
35458
8754
23439
21353
38419
41093
1998
31387
3081
10036
31202
2836
33661
1853
14827
1757
35842
7285
40873
3037
1706
44050
1325
1019
19581
22123
9001
26063
34934
7540
20723
36185
1433
40066
38935
38663
8235
1143
38735
2288
37706
32311
16614
406
1962
2606
1187
10260
7744
119
6735
32946
3689
40154
9957
1572
412
3057
4782
8245
12659
31452
32633
31621
40807
6666
32359
1693
28283
36684
27741
2180
10384
1742
39250
27891
2010
11685
40901
2105
1980
6883
37433
36455
1266
20987
622
40136
682
1141
15781
4515
16718
9494
979
2766
28063
21201
2282
3159
40280
7591
8108
5763
4720
4943
35472
3835
25241
34051
40613
15951
31128
2732
10490
4197
30573
1348
370
9706
40167
4450
1676
8211
9690
12347
31851
43779
33222
850
33396
34966
35076
11507
33741
32412
39846
21241
2911
34447
31121
40924
34800
13053
40083
22745
3389
34257
34167
30127
4554
987
37651
38897
33743
3519
7307
37505
10187
10491
10338
18247
31344
11583
36407
11281
40595
41570
18989
33118
42432
31233
40172
5274
37377
37232
31560
42600
23363
39506
438
23299
6877
4792
18781
37507
40410
197
9220
1836
3410
17821
45753
684
2284
37988
1130
42156
5957
32190
14199
32383
26359
612
21707
17913
6056
13755
10849
22335
744
34453
19157
3003
2128
20533
4790
40835
24751
37012
55
36882
808
34751
40073
37422
36500
35988
34497
36760
9493
365
39545
3381
3776
5534
8101
20391
4119
3054
32730
40176
10671
11755
39590
8713
9549
4074
40228
375
13253
2495
2089
706
2641
22699
28673
1189
7377
4486
42104
33783
1904
4808
1694
2831
10359
6297
7875
21333
602
32214
2272
1806
7103
12503
2613
17637
34475
36569
761
1163
9810
8487
1978
36556
4874
10810
38837
35298
42935
21033
7245
2031
10109
39987
1044
12715
33341
471
41688
38669
14173
41392
37564
4083
34904
3021
3325
3827
24705
12663
39864
4795
1296
32360
38707
42913
3819
27967
4173
23325
2290
14647
39607
8314
3915
36511
30250
3963
12317
3570
28155
25397
312
39975
13047
1233
37036
38985
7229
35118
27815
3690
34382
33360
45782
29413
2953
31070
40982
21373
37247
38714
2804
41531
23787
6657
9203
40880
38920
38297
40327
23399
40708
591
42514
16518
10055
31048
2801
5266
5147
17705
33720
4361
27907
33474
31675
2280
1907
4800
2211
3129
1658
28207
6975
34734
30384
17157
31797
41217
37345
2842
25805
39231
10611
1771
19825
8542
9924
5583
8248
36194
4467
34522
2729
315
22537
12437
34394
10886
23427
41177
4794
36424
32772
20155
4962
5201
4723
2934
10723
950
38004
2114
10554
1276
40292
33566
1185
35334
5016
125
7775
13139
2067
6733
37938
30237
37710
33027
23121
10076
36418
16756
13159
8560
5235
36266
11829
10808
4421
39738
4961
3800
39760
37740
30795
1672
34525
9479
1153
15325
660
40156
2645
6714
7364
7436
32901
2572
34454
35237
25087
25861
41783
2565
3935
2243
34884
4504
15279
799
8140
1456
12429
1617
1879
3465
9789
5529
1527
2237
3735
15453
36468
42268
5742
2419
39243
18799
14333
36444
6137
19081
599
1062
41364
402
36023
37522
38262
11073
21569
163
38412
417
35510
41372
37831
38610
30218
39094
1737
12935
3812
37561
10516
6533
1682
40256
7395
36022
39999
5353
16119
38767
32407
14317
3853
1754
1758
225
34208
1733
2319
23499
2060
18771
7109
1988
1235
1085
16101
36742
6229
10949
1810
6368
783
4209
38397
4744
33232
40550
6096
7176
2650
2627
3023
28205
3355
31561
6971
8145
3488
36544
35235
22049
3130
3503
19585
4439
32321
31144
37955
1328
9884
25259
19799
31593
1012
14957
9421
1816
32993
2726
2560
4154
10324
5819
4533
6226
35231
14283
41768
5454
718
40823
5938
4013
13799
30625
1807
1298
10346
40293
608
6500
32728
27629
35081
31055
8109
4387
37969
715
8285
9548
2356
39337
1370
9795
10196
38810
3952
999
105
13169
35346
12685
1661
1178
11385
8546
1704
21167
33759
22053
40358
336
241
8839
31630
2207
9950
257
32682
6205
34501
33244
5828
33454
7430
31598
13757
29855
20441
3550
37504
30757
12921
4469
41380
348
6511
2564
36136
33687
31683
2252
37046
42267
1799
21599
7477
38658
17147
20929
34213
33024
38681
7578
3481
37044
9900
4756
9095
6374
19685
4760
5153
2980
37254
2733
2571
18845
24175
920
13283
12671
5288
1854
12611
17345
425
817
28861
23067
7955
925
22249
1107
2028
40971
40515
10547
34117
11595
8438
21695
10916
6674
1964
562
3806
18549
33195
10013
38923
836
37262
36108
10005
685
7568
6878
21103
32751
31448
943
36637
810
3874
9858
43353
31573
3028
707
33686
41286
37563
3185
4855
19367
19271
3190
39884
14145
38254
20469
9495
40294
20971
6310
37106
8332
31156
3823
20999
5772
17493
21677
41283
37967
31157
31530
34802
3842
38055
3101
5496
33010
34427
32785
37739
1396
4856
3154
17651
2617
3433
3146
7083
1839
17233
30524
36630
37711
7547
25661
2367
2456
4536
16331
8783
18857
10739
4910
42947
7793
34903
21679
1999
9202
4068
32039
39421
37641
1746
1093
37598
14093
10917
1297
23309
36644
39194
47307
31608
34532
2699
6743
4132
41802
9376
17010
32601
33964
35427
10693
38464
5337
3232
5082
2915
14989
11177
5618
30721
1570
33242
39199
12991
3609
40893
3858
3866
9773
10207
1495
1039
36246
39701
10390
4339
5311
31883
5002
2142
36560
34314
40690
21495
33145
1794
2632
37646
37281
23697
36368
2074
16149
9333
31866
5225
3356
9936
888
20033
33164
7664
40178
2550
41899
683
6303
9107
28511
41011
33193
37684
6468
36529
3444
8949
34368
6672
3417
14693
38606
2047
42136
23581
5997
1724
10073
28385
17551
13251
6251
12439
4801
4427
6705
7279
5833
30196
39115
1607
6148
5849
40679
41555
10689
1789
9796
5070
32379
1673
30485
833
37424
32152
40251
39811
36729
36618
37188
4854
30531
2061
33697
1905
1793
33874
2568
25283
8302
12661
1918
2277
5386
23943
2306
32301
42653
20655
36498
3401
1270
36542
35063
2653
29231
909
5250
39674
31785
38601
3839
10905
30030
10202
31566
39699
40691
6230
38046
576
3875
3659
40464
39235
20907
29910
24935
2267
23
5933
40786
1960
37531
1048
1624
33247
12905
19151
2086
9731
4459
20931
5056
22215
9806
1217
15961
1444
36921
6127
36267
37866
4371
4183
20965
6919
1677
19953
1734
4667
374
769
36993
17689
36942
15547
2485
6028
12885
382
2062
30481
6117
34972
37438
3435
2075
31617
10361
43878
3810
15219
34893
2534
9737
36404
3166
32353
4975
3522
29976
7643
2647
1361
1600
40352
2071
9121
31338
13137
3720
42867
8304
19687
32481
9035
2040
8518
33087
9395
864
41008
8709
36485
10924
40035
2698
677
8026
21255
17879
38392
40208
184
2464
3011
32826
614
31223
16680
14675
9916
35122
36397
31867
171
39568
31894
1900
8753
42488
15607
1666
40850
1598
4383
69
7336
17020
42723
1221
29722
36914
43350
3022
30895
36784
10832
41178
2601
6375
39315
32274
29255
1428
3878
38021
29863
159
33522
39523
3035
40334
31050
2629
7666
10527
14889
5883
5476
9390
12163
35183
38268
6728
910
1884
37090
4511
33012
33531
30921
23711
3273
3280
3323
41179
17813
32476
37979
2740
34670
16690
32805
470
7079
21571
29937
559
24763
2153
8287
1443
1903
6397
4941
37799
2210
26443
1981
16347
1986
32222
10015
33339
11069
39333
8840
15119
28447
31914
3864
32684
7522
8965
8966
5917
36762
36423
7659
9857
31049
39334
5539
40934
2285
33957
39204
33150
19009
12351
34836
8215
1159
4211
28911
1083
38425
30954
34565
5129
7017
1262
7090
4640
13239
2302
4933
3234
21861
25457
2156
819
14237
5189
301
39654
2312
41194
8956
1314
40453
4244
38628
13639
28915
34502
39116
825
2162
23897
3676
3448
7601
37703
30291
34243
2085
1867
10180
3900
4890
6555
3201
11859
2168
22361
8139
8373
32888
2552
6234
12665
2710
10219
29419
31168
5844
30103
37398
18639
4481
8677
33836
6979
36919
29756
22785
8603
37789
51
4475
39960
8985
23341
7160
3704
17681
14373
37777
2881
33156
34830
39313
36269
31967
42803
35686
4199
7112
34403
13935
39993
2281
18533
13185
3099
38179
5725
7295
31804
17791
6796
3571
5165
6130
6492
34661
3619
39709
4099
41439
32023
9558
2127
35805
295
4242
37755
37245
1193
3947
27721
3870
7571
35434
35134
555
5600
7598
15177
4113
2046
887
362
4314
2052
2233
34589
7117
18413
42380
13153
3757
36037
2099
30246
6900
2628
11773
1460
27387
35714
12123
37395
3194
33038
215
17873
5845
7550
610
5636
3004
31540
15015
10342
13969
31994
4591
3914
23579
13863
37283
7048
33685
3202
29165
1337
14875
33047
10666
2769
20187
1537
1158
1865
1868
38429
12483
7596
16740
1849
38180
33562
3285
359
28713
32422
1883
2895
3660
1280
19257
363
40031
1346
12967
39363
2789
35712
1701
13955
33146
8815
1333
24071
5276
38520
40180
38986
39736
32959
37291
20539
5925
39339
40143
21703
38068
38672
2063
980
29035
12929
4067
13175
2100
6437
1862
12267
18637
2633
8449
37672
42959
2008
40714
11699
19029
7981
15881
35778
3474
40286
37608
3399
17777
31133
1671
1662
1582
2428
39185
3472
2626
5022
36119
3905
34550
6287
6093
29998
38328
722
4070
39244
2256
17277
33149
36915
39223
36629
10262
33498
3015
37897
9535
13215
647
34655
37586
3315
3061
23367
1591
41421
3876
1503
2303
39332
1583
31319
1295
36032
7752
34753
6579
14277
5238
2771
35652
1753
37112
1574
41191
34337
1057
10132
17785
31091
40157
21575
4597
2293
38372
34003
4617
38937
31911
25365
33192
36834
835
5369
3989
34943
31668
40097
13563
5143
33702
36145
5308
33357
38078
30177
9106
9943
3065
29611
30695
9078
10687
15095
23433
4599
39329
9531
40693
3977
17068
33934
30445
8861
27811
2535
5168
3007
4418
38211
17205
38788
25495
8154
8450
9598
17897
36918
1552
39295
581
20381
24873
29301
23179
5132
11221
2045
2133
9817
3147
33369
31422
42044
28179
24713
16335
36725
39057
6920
33056
458
3114
4095
5088
11268
32936
28883
3873
36894
36197
9525
21077
39416
22113
5164
952
3932
9523
29511
3913
2567
11853
337
8678
3877
2068
41193
10405
6693
2083
6270
30842
36258
4112
2234
34799
14583
7759
37406
41317
31829
1713
30585
25169
10594
3075
8961
33377
9100
2718
4991
2018
13843
547
2027
15313
12683
38670
19973
39362
1380
30143
3132
2827
6970
6645
32264
7667
22733
36922
661
21041
8146
8158
3518
1679
360
258
35203
2523
40667
33455
2609
2260
19575
38104
41035
1880
35465
34239
13859
7334
2702
36716
35072
34675
36175
14073
2064
33499
9291
8786
15847
6087
36226
1856
4023
15093
3482
3391
24417
41573
10465
18449
13681
10481
16397
36825
32309
13967
11445
30865
3535
39588
31927
28853
10607
33734
10201
28603
445
31221
2679
6331
4033
38203
5535
8249
40267
1959
37940
34961
6094
26189
37923
3637
26053
33709
9389
133
2545
5900
1777
3278
3723
38600
30066
2307
2791
23989
8743
6067
31631
3475
12027
36516
5449
9935
31246
39314
6628
6518
1344
1157
38149
2196
11769
8538
7169
848
577
6965
3100
2155
9792
36991
8792
23831
2059
12449
3884
9290
32572
36241
7468
42791
818
1508
39298
7004
19573
33205
31113
8042
32817
1500
2686
2631
11099
8553
4584
34197
1458
2516
24527
35624
8848
8842
37551
37264
31676
14935
38529
839
7108
9403
12441
773
30537
12361
648
38549
2700
9566
346
20053
25749
39277
12131
24699
35706
7779
9163
14077
693
2644
10528
23985
6472
8155
38830
10477
16646
2073
28913
1977
33309
33219
511
3274
34840
7124
349
40179
31410
38739
24835
25641
1994
17088
5112
6462
2309
30156
11017
8278
39962
9177
6119
33152
36890
4443
37998
4928
36124
17291
40750
31762
16636
42562
39734
1561
15565
31845
1832
4614
2503
6625
11873
30679
34941
37922
25065
37775
16099
2033
2103
13495
927
176
9002
28593
5585
23647
3758
7740
4719
28715
12337
3507
25883
36955
36858
42082
16576
35248
6452
5935
231
38768
4680
5848
2638
7158
6557
37657
10118
6413
2423
40890
36104
42657
12579
43711
8899
21809
3276
47591
10562
35300
10845
2226
5006
6682
309
1202
38413
18669
7597
34173
5908
37619
3840
10177
7718
2637
16702
7816
7157
35551
36493
15883
2809
5652
5936
9944
7230
39725
9824
36782
2422
23735
4049
15407
499
39815
28963
19351
9782
20185
2466
36240
3755
30390
11049
3512
31736
33266
22435
9243
9587
8446
1872
40849
12367
39643
25635
25069
7626
4537
21595
454
23583
2537
6107
32878
10330
16211
2823
25839
3962
33155
33148
2640
8584
5375
12497
5292
2474
38677
4513
34948
9911
38783
39066
2526
12689
3576
31674
6227
33806
37151
14049
41022
15717
20365
791
9165
10319
9881
38719
32691
35303
8156
37181
3838
4737
11101
38909
7405
35416
36196
34999
7505
39849
8431
31137
1071
38673
32041
1975
29235
2851
32735
2332
439
38051
37607
39174
7705
37362
2102
30178
6276
25875
2806
37893
2840
16574
14949
8896
36431
19731
39249
3768
6428
14663
5223
36316
988
6861
854
37388
18003
7691
3361
4521
8598
5628
38154
8216
24531
12581
3131
34623
6688
32502
23483
9972
4003
34766
8149
3151
3671
38807
7551
31065
31035
12411
141
3275
17815
38558
23901
1188
41188
2414
9166
18767
36191
15605
2760
36730
8547
33947
8153
1056
498
36714
29778
7723
40104
6012
40075
41271
9014
19401
37896
3881
41549
3898
41063
5723
1580
5584
36517
7171
4566
13855
5080
37436
23393
32571
10263
1100
40480
2421
13675
17959
18061
18063
2179
5462
12867
2566
4681
5923
9242
21493
8890
14947
12677
30686
5314
9424
2770
10796
6899
4451
8214
17963
4853
4578
686
34498
30385
6425
2015
1026
1630
204
7770
20355
11919
22831
8194
1224
6095
1468
12447
12877
1542
34295
32932
39264
11705
41135
426
8178
15993
4385
2697
3153
30922
32503
3155
3279
4461
556
669
7532
25543
1899
37530
4316
5289
4014
6872
6215
1324
8152
5131
34016
6992
6875
22847
1909
6065
32083
39011
1162
8953
32879
25257
3936
37966
6385
30912
4213
35603
35251
2245
1938
23151
20555
2314
4420
7463
6918
12065
10301
13927
2406
10869
39490
11561
24179
34757
39581
31750
2690
10595
8240
1484
25833
27405
15979
9846
39282
30100
22547
767
6496
2723
1494
23333
23975
33808
27621
28791
34602
3906
38106
44044
3969
3175
37511
8141
12433
13789
10688
17167
8577
2023
4419
33689
34543
3135
3215
38091
37555
4713
32548
2287
7170
6932
34366
34450
3845
10282
39678
1984
13231
35265
9244
2468
36339
21163
2781
4024
9768
9799
15505
8964
2291
3115
9344
10224
38835
28085
29123
4085
16233
40940
838
2621
41023
7605
10736
34455
7549
35326
25915
4524
3642
21119
17379
10199
40557
39067
12121
4615
31551
12589
15085
20189
8375
1283
13807
8548
8550
28733
31064
2892
1851
3434
37577
1156
5783
6994
33226
2049
33795
1885
13195
571
21587
38150
7739
6075
17325
7610
10194
38974
10766
2019
2635
25567
16508
38544
2885
39514
35554
38486
29975
515
7363
3834
932
1926
9951
5013
36778
40762
38083
39022
1990
32316
25113
36728
1628
18729
33225
10802
36578
7415
33201
7106
17237
8312
31115
11547
4471
14367
3762
748
16363
11537
4044
4616
23099
2244
32397
10820
989
4685
38361
40102
2301
10250
30751
32382
12037
44208
34723
14007
5421
23037
2822
1828
25033
29135
39290
841
28371
32613
40462
42855
22055
8157
2322
2687
7252
1234
10217
9748
766
40194
10755
8443
12755
21479
9990
749
6074
33326
3080
6629
30519
25077
31827
8491
38385
32954
41298
8626
4386
3020
8500
1850
30145
5956
12965
31044
7461
29517
32748
31673
36501
3880
11693
1175
25999
21649
37352
11791
5027
34614
22231
19133
6616
31777
30646
30386
6311
30916
13965
1979
4682
16738
31150
8181
39258
36666
32171
39221
35009
3120
39316
36828
36515
36287
8551
32745
24817
4298
7427
19431
37806
35909
22443
22099
18953
25429
34006
42012
39567
307
1955
11505
39582
34849
7376
34039
1874
1427
1139
624
545
14231
8812
40517
5673
9164
28921
34940
24675
8764
28093
319
38067
11005
30155
1284
5287
4689
32065
37960
3214
9691
39810
1150
1908
19769
4187
9254
31923
30168
2304
8960
34165
328
10349
3724
21441
17969
36242
41401
10306
30166
46118
39963
41547
36761
35018
10920
16415
3818
36030
4444
33363
1349
4563
35859
23365
4509
34548
1228
7491
5178
3808
2473
38444
30410
17955
1084
34292
8316
37541
3277
38970
10581
2051
9595
10501
2824
33462
2607
39323
38226
28369
8765
881
3406
36861
3805
8667
14247
9043
6277
37973
321
22381
6704
3509
1037
1167
37662
8337
39457
4948
37104
21067
35254
546
14519
37622
35773
1769
37842
36229
32961
2906
1099
15769
33902
39183
34939
31299
1148
4484
7174
30909
34862
33048
41189
5829
38157
6680
10526
39840
8493
13993
37154
15043
8533
12569
17887
1991
33011
10751
40989
6695
6327
6987
27619
2882
4025
23551
6636
5629
36525
8855
33681
2066
17727
15577
36996
3889
3683
2483
1036
41182
17787
37051
8668
7510
10718
21507
7668
3787
13983
6731
42506
31111
19879
38797
3736
36298
1098
1226
3600
8041
32343
31669
17965
40197
40254
1267
2024
2163
20855
13143
1055
25431
310
3506
37177
3060
3825
18755
9282
3461
8763
11543
9423
6571
9878
5151
24275
39217
1838
2536
19959
28433
4534
2693
10691
3525
35770
588
38163
9045
9172
32600
15663
1097
2461
37481
1378
6809
31581
18205
16345
31890
9385
756
3599
3498
2714
1452
41558
6985
30571
8451
6062
1106
30193
16912
30278
18085
17951
18827
33434
18747
36156
8180
8919
38676
9098
366
5157
1351
26013
1269
34489
30923
9880
19165
4917
24855
31454
30263
22835
40558
31793
8409
32248
1155
29834
29613
6268
29801
5263
35541
28227
6156
5474
27789
5396
38285
41586
13673
216
6523
36639
2731
9393
37124
5475
5344
36992
38987
4264
6443
38572
10799
294
39519
5862
37857
39173
33905
11715
23213
38347
5875
3595
17351
361
29765
3336
2305
23423
7247
40147
41204
41339
7164
18599
40836
17295
7290
37590
45999
33885
38389
9770
25871
23303
30058
37026
3258
3235
21013
33281
31738
3176
22735
36752
2095
32816
37318
39836
36603
28991
1940
39780
35625
3759
13691
41340
39990
14359
37037
33798
8132
29876
9591
21997
1928
19521
858
24127
4091
38678
2910
275
9940
1912
5503
56
15749
36646
31018
904
5785
36797
40414
16317
37933
2261
3183
21427
33430
35809
22031
34738
35417
36451
6889
9794
33532
41296
35115
33777
33966
41332
39482
35552
8241
30499
1711
27613
33803
35418
27677
4553
33026
24109
39799
36169
37980
29643
6077
5469
40477
5052
28537
32943
5927
27997
2574
34678
31769
31534
37548
8130
31790
14183
1665
37174
33972
8150
3813
34622
4210
3157
13255
18083
34332
6071
510
31865
34657
2092
9978
19971
35501
32927
20961
4331
33447
14347
8745
3398
9167
1625
16728
3849
28925
19397
32385
18039
16506
34979
23915
8011
38667
9829
21775
6448
26017
2830
2754
41075
30289
34878
32139
21999
36577
30746
3294
824
11521
7729
33936
35313
3267
35858
20463
8972
4129
32256
37186
12259
35635
35113
19773
41568
31965
21523
24793
40379
37316
31318
28367
23409
19871
2833
12971
39584
14045
22671
30886
37881
31143
29323
1644
44236
40783
24789
32756
1790
38065
10545
33941
9528
40684
4823
3778
19727
33122
1643
31238
22137
9608
40057
8226
5098
7939
36228
1268
7953
40556
32747
22489
36913
9205
10908
37311
23597
17719
2079
12145
33184
32670
9991
16169
17127
29943
17733
2575
1685
37484
37663
9445
31977
7466
32349
34952
7294
5466
6907
5085
40738
8496
8324
31846
12135
9077
31321
27783
17961
41068
42836
5272
12881
7314
4660
8724
38142
37736
39018
1939
1245
25639
21081
40799
2183
40683
982
17397
36245
4012
37600
1623
3104
2775
1947
23753
5842
8619
40181
40755
8936
4709
35410
18419
38096
30173
3178
2465
8081
2600
14095
5928
6993
2527
10519
26085
4688
32158
33761
33889
1866
2616
38488
39252
25889
1743
3863
8176
10701
37387
17871
16381
11763
34048
40403
33775
34538
35255
30648
37655
37784
6800
37082
12005
30862
1223
15423
40964
25965
29291
40564
2292
3763
5167
19235
35952
39321
30420
10524
39063
31505
22447
3390
22295
3259
1620
39208
2689
5270
30137
23781
34566
33344
29823
39549
17267
30738
8213
1220
11043
42194
12141
668
28809
4126
6355
676
10525
21773
3192
32454
8928
35230
28665
42797
12133
25441
1786
29758
6641
35250
1076
25173
16648
23825
29707
6721
39890
6189
35676
8939
16405
40013
7771
39653
33669
4907
42990
4158
3669
24975
9646
30264
5876
27503
34120
13309
38864
40085
37576
6792
22603
8227
25967
37584
9279
39716
4522
14537
40405
38487
11471
3152
30450
3968
5689
9732
35800
17223
30133
4460
29770
23349
3264
4097
32191
38954
38063
7876
16377
38960
12907
37537
1176
4218
23029
40001
17221
31072
3095
31402
2727
35332
6718
3675
15133
35553
16319
32859
36888
39872
27417
8490
19519
36166
832
1200
23259
38650
34179
38922
12237
23129
37934
12101
21421
40749
10679
42831
19447
4908
38997
31300
35610
18881
983
35139
19187
39020
2065
7139
32455
6787
12485
30199
1115
38744
8920
38295
40202
3726
19135
36799
21663
40438
6798
10077
42486
13141
37368
31073
17209
31972
28251
5515
28143
35423
1227
40163
25891
28631
5662
33105
9365
1973
12795
1766
1664
28815
38291
10375
11795
4147
9264
37446
37286
5472
31830
22293
2080
33552
36664
23837
6076
9433
5053
281
30617
19233
42143
10435
12157
3764
6419
7122
17693
1496
22497
8526
30080
30392
41399
40375
13373
28811
29715
30217
1440
4103
30851
574
21009
8963
39966
23903
38061
8231
786
23895
38715
30013
37278
7248
21591
34467
33903
40712
37000
40623
9502
21821
7867
35077
32755
5501
22985
37021
6366
28959
3990
32898
38024
5133
36636
38554
30382
40239
33564
30053
32947
7518
34905
25943
37344
2072
2599
15391
10354
2525
40894
34367
32695
9087
19337
3879
5492
2522
21771
38957
34632
5640
34289
7257
38331
5620
3929
35667
38860
8921
695
40686
37148
32410
42571
39793
39721
36780
18587
35286
36945
19185
32707
36528
40340
5415
21715
39056
1154
34052
1442
38346
1586
29772
34409
33534
5918
41480
38674
22983
38473
7561
1058
18643
2346
42057
5878
8697
19237
37717
17163
40948
21641
35835
32757
8664
3820
41091
32564
6835
4098
38905
37268
31549
38054
1767
5372
1989
33834
6038
30358
8704
1411
9228
33908
11447
11093
5931
37553
42685
35408
28439
36050
33779
30463
5889
31493
4096
34631
38906
33548
22451
38551
16936
6484
19533
30046
11717
34028
32845
37308
31252
36440
30018
2476
10241
38251
36000
36655
8722
6947
30920
31925
12769
38902
34818
1712
6607
28775
15743
1692
4718
20587
15795
33236
26079
35263
24637
2365
17481
27793
35433
35480
8333
33170
31984
39320
1936
20667
37189
13233
39086
36875
3127
30091
34088
33718
37384
37265
41574
37992
10757
9627
17811
30673
7807
36095
21055
23177
10735
611
38485
42487
4318
10373
38271
23679
36868
7511
619
13427
37865
33391
40360
42883
40559
36009
12851
991
39465
3685
38803
36309
9409
29974
7498
37034
32608
2782
33457
33846
21267
1933
13299
30743
40196
2081
33228
9361
29757
27757
32750
38934
25439
7621
32858
23189
34418
1775
36436
2091
38395
4130
19287
15127
46491
32595
9561
31966
33390
42714
34982
39684
36608
16251
3886
354
38702
32853
8669
7156
8643
40560
25963
29821
29820
34765
34856
11735
36074
2382
32761
1831
40442
10391
6684
22093
9861
33746
28813
32345
6777
3684
3499
35749
35202
1759
13259
34975
31165
23229
9708
23835
13091
38977
29825
30576
16371
2094
3328
17165
10909
1183
7818
40932
42517
31498
16373
8297
34539
34969
25873
33776
30234
36756
22411
4458
33550
32760
39979
1105
29923
36097
34510
23061
10958
39179
16259
31310
24123
1622
6667
2278
18365
22943
35447
7453
1244
12951
20705
35301
31710
32581
13089
31109
6266
41146
13375
1271
17293
4939
7524
30489
21471
9741
9575
14181
19239
12393
33618
23595
8079
21305
34954
7713
36198
7915
24201
6513
35391
9667
3070
27589
2837
38284
13407
13693
41834
16023
5241
22225
5926
40137
33708
15893
36521
42414
33659
1927
34013
41285
9053
40780
16255
5907
816
5232
2069
17161
3821
28401
18831
37908
13857
15653
26011
36943
34907
8707
33272
34392
39397
7448
11189
11659
7496
9910
5447
33839
3625
33712
29793
4967
3025
18109
28077
10258
4540
35401
8659
34121
29623
34955
38446
13249
4058
33542
625
15937
12501
39996
39622
1776
6671
19137
9324
17707
35399
29551
38784
20329
6305
11269
34625
19279
34118
6390
40769
11661
2096
40348
33855
35974
2767
30324
38789
35739
32781
32563
41062
12603
33366
15139
1342
24437
5920
20913
35651
2220
11511
1811
25977
9629
35409
6797
10463
40014
22345
31263
36564
29453
18603
2078
434
36840
31908
32150
5648
34889
34613
38433
2482
31467
32618
32636
6978
2780
32844
16183
6654
3480
37418
41505
2529
34634
10407
2101
12993
38573
34615
37509
36672
20857
37671
30647
4929
9826
22675
38162
3473
12401
5293
36101
11789
3843
33883
29585
1992
5990
39415
38411
35366
41454
30534
36297
36622
964
28987
32059
32438
40222
26015
34908
8628
2453
35264
1160
4452
36643
24011
2308
8752
36602
1937
32950
32875
36162
24139
12399
34864
12789
33274
37802
40436
2455
16247
8706
2779
2388
9521
36836
7862
13303
18231
31880
5624
33985
9499
20951
29687
15137
39281
29515
18557
40961
5631
23157
38386
33549
8220
34432
1216
10838
503
24321
40140
1613
1740
31641
39325
42862
42825
23917
30394
30012
28685
6183
28055
13519
40002
8696
31257
25545
8682
38521
35386
31170
20557
29791
29897
38809
7504
30967
4150
40747
24197
1611
36278
8554
37948
38471
7450
34929
28053
19925
33551
4104
10941
41090
37320
2249
1640
40033
43751
3430
42220
2056
10780
1741
25973
31618
9170
38981
28381
8162
37172
20869
30073
2785
29377
36172
14235
10511
32861
27573
1343
33791
2538
38899
4391
25271
33508
17849
2364
30425
37825
15535
37769
6078
8701
29141
35964
2622
2053
10801
10313
2058
9650
22955
4042
8782
33187
35387
9850
2528
41092
33449
7374
8731
32886
22205
38199
8898
3205
40204
13083
39464
40338
36642
31377
10104
36715
2093
1820
37952
38212
35559
36841
31807
25461
33103
32697
32736
37534
32856
38700
13479
13087
6060
4923
38813
37277
5549
3597
22167
10417
18133
7501
37506
11799
22469
37527
24181
30446
35709
2839
38819
29921
33771
19209
23079
7255
30428
30766
39476
9832
5051
34993
32219
32768
33801
29956
36606
33914
34733
24199
1338
5873
12295
37915
36170
39286
28531
19217
31519
35294
2258
36976
31583
17843
17141
7782
3596
29782
33910
2082
34595
34887
34997
39027
36078
1627
37404
35516
32582
41381
10347
25975
29353
19219
5826
1027
9392
37334
32764
5090
38851
9967
41192
9526
30473
36223
32763
34957
23267
2591
30826
7258
19977
20547
37545
7786
36594
35114
36180
13369
34464
2521
29451
2524
13085
32759
28717
20713
32346
34519
28827
6939
39211
36029
7244
33544
6184
16954
31494
22467
14743
17697
7449
22473
3772
1052
39284
31439
15021
5632
32447
35629
7423
27927
31568
40145
305
31904
6131
17245
20919
32854
33911
33578
33886
5581
29481
4398
42946
1708
33909
35997
25971
31283
25991
39000
5237
32271
36600
8680
33572
37744
31107
19481
40165
31268
20581
8710
30210
39786
25591
32639
32084
32933
34383
7273
2790
