5114
40028
38524
9969
28851
34096
4181
32281
32935
39486
37510
31758
36838
33095
17074
19
24701
40591
34599
23273
44
28891
40456
164
37521
245
457
2921
5258
431
2001
34591
7311
12355
42203
22135
1535
28957
31757
35760
19647
33049
11741
42897
32983
12365
21329
30276
35839
4565
5300
4282
40417
40748
801
3297
35843
21
37379
31933
32
205
36999
37208
32182
10165
36885
39547
36649
26055
37965
467
35851
25777
21899
42984
5205
31646
38450
2246
10162
2251
136
22789
37105
35557
38826
39741
10030
777
40682
22535
38883
17389
37450
10408
31043
5341
12531
5081
6594
40211
5420
11917
10937
2559
25835
34240
10863
38691
3784
10087
6945
37515
28805
33486
137
9617
4081
338
30
33674
1698
37095
30230
30346
39533
57
1365
32937
329
45
513
2685
31988
40852
43
6675
28171
759
3002
185
39112
18115
11843
9735
627
1842
5690
2966
