5114
40028
38524
9253
11061
820
9969
15417
35180
28851
34096
4181
918
15335
32281
35247
2904
32935
37491
39486
37510
31758
199
36838
33050
33095
1
17074
19
24701
263
40591
34599
36862
23273
44
28891
1575
40456
164
21939
37521
245
457
38329
11665
2921
5258
431
2001
34591
7311
37779
12355
42203
33352
37987
22135
1535
28957
38000
37991
31757
7785
10379
35760
28735
19647
33049
11741
42897
36098
32983
12365
44042
44087
40776
21329
30276
35839
4565
5300
4282
30654
40417
40748
801
3297
35843
20583
170
21
6114
37379
31933
32
30484
39587
205
36999
37208
33
32182
10165
437
36885
16498
31181
39547
40059
24687
877
36649
26055
37965
467
5028
35851
25777
21899
42984
5205
31646
14397
5941
37999
38889
38450
2246
10162
9989
2251
136
22789
37105
35557
36538
44070
36275
38826
39741
10030
777
40682
22535
9260
5
38883
17389
25781
13601
37450
40052
10408
7655
39535
31043
30709
12029
39808
5341
12531
5081
6594
40211
5420
11917
10937
20651
5040
2559
13125
25835
44235
34240
10863
40730
38691
3784
10087
6945
486
24415
37515
28805
33486
28701
137
9617
4081
34534
1210
338
30
33674
1698
37095
30230
30346
39533
57
1365
32937
329
37078
45
2418
513
523
2685
43299
31988
40852
19363
264
139
43
31240
6675
28171
759
37055
2402
3002
185
39112
16894
18115
11843
34036
9735
627
1842
5690
2966
